10238.8564453125
7464.683756510417
5362.846028645833
3850.06884765625
2782.5928548177085
2053.1893310546875
1551.0777180989583
1198.1831868489583
957.65234375
815.0699462890625
672.3758544921875
565.6785888671875
505.08128865559894
449.8806864420573
404.3448893229167
365.3664143880208
369.24366251627606
323.7830098470052
306.6243184407552
289.65208943684894
271.1388448079427
261.2793273925781
256.6718393961589
248.15656026204428
235.79755147298178
218.2912851969401
217.5066935221354
217.09065755208334
200.60533142089844
195.65155029296875
197.5357920328776
184.43377176920572
179.42609151204428
177.3507283528646
169.77435302734375
165.81835428873697
166.5828399658203
162.55941772460938
154.75633748372397
150.46332295735678
153.5930430094401
147.05521138509116
140.04592895507812
142.08421834309897
132.32994588216147
131.8800252278646
131.51048787434897
132.11200714111328
125.8542709350586
126.67281341552734
120.53887176513672